56454,25838,10170,5620,3452,2046,1080,630,445,347,248,198,133,564,0,0,0,0,0,0,0,0,0,0,0,0,0,0,0,0,0,0,0,0,0,0,0,0,0,0,0,0,0,0,0,0,0,0,0,0,
297493,124596,45263,22438,12788,8022,4762,3245,2300,1890,1439,1162,761,3189,0,0,0,0,0,0,0,0,0,0,0,0,0,0,0,0,0,0,0,0,0,0,0,0,0,0,0,0,0,0,0,0,0,0,0,0,
121487,784444445,18542,9233333332,3763,91694444446,1309,18138888889,575,818333333333,294,738333333334,147,735277777778,86,8891666666667,54,3505555555555,39,84,27,4758333333333,20,2108333333333,12,1991666666667,37,4738888888889,0,0,0,0,0,0,0,0,0,0,0,0,0,0,0,0,0,0,0,0,0,0,0,0,0,0,0,0,0,0,0,0,0,0,0,0,
Average Vehicule Speed (Km/h) = 3,61579380444554,
Total Traveled Distance (Km) = 529354,156460003,
Total Traveled Time (hours) = 146400,537500002,
Simulation Time (hours) = 10,3527777777778,
Total Fuel Consumption (Kg) = 490976,244319978,
Total CO2 Emission (Kg) = 1140770,45945607,
Peak Number of Vehicles on Roads = 40895
