724,4127,9478,15066,10948,5363,3082,1960,1288,761,384,210,111,123,0,0,0,0,0,0,0,0,0,0,0,0,0,0,0,0,0,0,0,0,0,0,0,0,0,0,0,0,0,0,0,0,0,0,0,0,
4238,24747,51991,79751,61996,39251,27931,19464,13166,7778,3897,2086,1088,1062,0,0,0,0,0,0,0,0,0,0,0,0,0,0,0,0,0,0,0,0,0,0,0,0,0,0,0,0,0,0,0,0,0,0,0,0,
1082,6625,3268,48888888889,4117,9338888889,4581,07944444442,2790,86611111112,1438,80944444444,865,16388888889,522,253333333334,311,805555555556,164,845555555556,74,6836111111112,36,4675,17,5188888888889,14,6561111111111,0,0,0,0,0,0,0,0,0,0,0,0,0,0,0,0,0,0,0,0,0,0,0,0,0,0,0,0,0,0,0,0,0,0,0,0,
Average Vehicule Speed (Km/h) = 17,5481221981521,
Total Traveled Distance (Km) = 338454,751769998,
Total Traveled Time (hours) = 19287,2347222222,
Simulation Time (hours) = 5,25611111111111,
Total Fuel Consumption (Kg) = 82873,1706200009,
Total CO2 Emission (Kg) = 192694,585882881,
Peak Number of Vehicles on Roads = 7666
