663,4007,9217,15320,11000,5280,3202,2020,1325,750,383,231,114,113,0,0,0,0,0,0,0,0,0,0,0,0,0,0,0,0,0,0,0,0,0,0,0,0,0,0,0,0,0,0,0,0,0,0,0,0,
3823,24753,50136,81958,62612,39196,30301,20594,13658,7928,3905,2323,1106,918,0,0,0,0,0,0,0,0,0,0,0,0,0,0,0,0,0,0,0,0,0,0,0,0,0,0,0,0,0,0,0,0,0,0,0,0,
950,330555555556,3309,24888888889,3950,0511111111,4703,83722222223,2825,33055555556,1436,10055555555,937,151388888889,551,980833333333,322,930277777778,168,375833333333,74,8533333333334,40,6777777777778,17,7947222222222,12,7547222222222,0,0,0,0,0,0,0,0,0,0,0,0,0,0,0,0,0,0,0,0,0,0,0,0,0,0,0,0,0,0,0,0,0,0,0,0,
Average Vehicule Speed (Km/h) = 17,7819927557418,
Total Traveled Distance (Km) = 343217,671099997,
Total Traveled Time (hours) = 19301,4177777781,
Simulation Time (hours) = 5,40583333333333,
Total Fuel Consumption (Kg) = 83220,058070001,
Total CO2 Emission (Kg) = 193503,310512941,
Peak Number of Vehicles on Roads = 7681
